Test file contains data of form a*exp(b*x) + c with added gaussian noise
a = 0.7, b = 0.1, c = 50
skiprow=4

0.000000000000000000e+00 6.924588329030459022e+01
1.001001001001001062e-01 1.794867480261172545e+02
2.002002002002002123e-01 1.760232809348287333e+02
3.003003003003003046e-01 7.833909385034614559e+01
4.004004004004004247e-01 1.279382117556222909e+01
5.005005005005005447e-01 1.239045631361732092e+02
6.006006006006006093e-01 1.370716184572825398e+02
7.007007007007007848e-01 5.098029901316688495e+01
8.008008008008008494e-01 8.511774801901150056e+01
9.009009009009009139e-01 1.356166175819635669e+02
1.001001001001001089e+00 -1.530299936834846619e+01
1.101101101101101154e+00 1.019020827328552770e+02
1.201201201201201219e+00 -1.650984493633767158e+02
1.301301301301301283e+00 -8.326667225369718039e+00
1.401401401401401570e+00 1.295869459585182994e+02
1.501501501501501634e+00 1.180513068977134026e+02
1.601601601601601699e+00 3.281357949719684086e+01
1.701701701701701763e+00 3.240064789843247581e+02
1.801801801801801828e+00 -4.884155165130598419e+01
1.901901901901902114e+00 3.849372472984931903e+01
2.002002002002002179e+00 6.205408875866122287e+01
2.102102102102102243e+00 -7.328740208009377000e+01
2.202202202202202308e+00 1.396853258092254748e+02
2.302302302302302373e+00 2.891381344083329452e+01
2.402402402402402437e+00 3.086361704411437756e+00
2.502502502502502502e+00 1.198682586161360888e+02
2.602602602602602566e+00 -1.244083855110844183e+02
2.702702702702703075e+00 -6.674535124433737110e+01
2.802802802802803139e+00 3.523196569211947349e+00
2.902902902902903204e+00 2.234329412101371659e+01
3.003003003003003268e+00 6.035939191928346759e+01
3.103103103103103333e+00 9.010779386474973762e+01
3.203203203203203397e+00 6.145735738812840054e+01
3.303303303303303462e+00 1.180247884729477335e+02
3.403403403403403527e+00 1.145746593186949127e+02
3.503503503503503591e+00 1.659555554591850068e+02
3.603603603603603656e+00 1.436724636642688324e+02
3.703703703703703720e+00 -1.142813549969813636e+01
3.803803803803804229e+00 6.010522721636468901e+01
3.903903903903904293e+00 2.658567738221033778e+02
4.004004004004004358e+00 7.869774455424895621e+01
4.104104104104104422e+00 -4.063613634566286947e+01
4.204204204204204487e+00 1.825667307600360800e+02
4.304304304304304551e+00 1.463745135049264263e+02
4.404404404404404616e+00 -7.009982828760269058e+01
4.504504504504504681e+00 1.742838395128982825e+02
4.604604604604604745e+00 5.456452858476934864e+01
4.704704704704704810e+00 4.710795132171808319e+01
4.804804804804804874e+00 2.254451380618517931e+01
4.904904904904904939e+00 2.643970828147900534e+02
5.005005005005005003e+00 -1.367958668221872358e+02
5.105105105105105068e+00 4.655375092244855040e+01
5.205205205205205132e+00 -3.781650431116588607e+01
5.305305305305305197e+00 -5.813293092142696850e+01
5.405405405405406150e+00 4.787792483176889391e+01
5.505505505505506214e+00 -6.455853863514867896e+00
5.605605605605606279e+00 1.122434892165445035e+02
5.705705705705706343e+00 4.367529659511094309e+01
5.805805805805806408e+00 -1.377656723989254886e+02
5.905905905905906472e+00 2.223762464554874327e+02
6.006006006006006537e+00 -3.766622243545548088e+00
6.106106106106106601e+00 4.321893055305125841e+01
6.206206206206206666e+00 -1.399664381881549957e+01
6.306306306306306730e+00 -1.245732655000122691e+01
6.406406406406406795e+00 4.447356081929118687e+01
6.506506506506506859e+00 1.310764814043117212e+02
6.606606606606606924e+00 1.443372527242900389e+02
6.706706706706706989e+00 1.337977012238906980e+02
6.806806806806807053e+00 -1.068081650594222936e+02
6.906906906906907118e+00 4.342464704795369101e+01
7.007007007007007182e+00 2.318263354182901637e+01
7.107107107107107247e+00 2.307937199021485597e+01
7.207207207207207311e+00 -3.782486984873271751e+01
7.307307307307307376e+00 1.382967743872887354e+02
7.407407407407407440e+00 2.734806496274226220e+02
7.507507507507508393e+00 1.943751125407184333e+01
7.607607607607608458e+00 8.417635796115199298e+00
7.707707707707708522e+00 8.769493852328103856e+01
7.807807807807808587e+00 -2.840527094220457371e+01
7.907907907907908651e+00 1.382746643348180555e+02
8.008008008008008716e+00 2.433187172640448068e+02
8.108108108108108780e+00 1.497738974891362318e+01
8.208208208208208845e+00 6.284405867619648234e+01
8.308308308308308909e+00 -4.958745894931293918e+01
8.408408408408408974e+00 6.741514428906830858e+01
8.508508508508509038e+00 -1.174867099141142290e+01
8.608608608608609103e+00 3.575546492227962858e+01
8.708708708708709167e+00 7.375817901502628615e+01
8.808808808808809232e+00 2.230808289230226080e+02
8.908908908908909297e+00 8.883799837623689655e+01
9.009009009009009361e+00 1.353341149358009687e+01
9.109109109109109426e+00 -1.042530474034069954e+01
9.209209209209209490e+00 2.723220604995848930e+02
9.309309309309309555e+00 -7.547849440580901614e+01
9.409409409409409619e+00 8.047471948174431589e+01
9.509509509509509684e+00 1.407162399104906854e+02
9.609609609609609748e+00 1.781321535961971847e+01
9.709709709709709813e+00 -3.426069924405620526e+01
9.809809809809809877e+00 1.674438572926669622e+02
9.909909909909909942e+00 -1.019837227717213324e+01
1.001001001001001001e+01 -9.123508512483016375e+01
1.011011011011011007e+01 4.047963561112387652e+02
1.021021021021021014e+01 6.815627326856372292e+01
1.031031031031031020e+01 -5.917056851487451041e+01
1.041041041041041026e+01 2.522982977882331923e+01
1.051051051051051033e+01 1.944823558979740596e+02
1.061061061061061039e+01 1.021289215331249949e+02
1.071071071071071223e+01 -1.453306360277259444e+02
1.081081081081081230e+01 9.938341500874696521e+01
1.091091091091091236e+01 2.765575612907257437e+02
1.101101101101101243e+01 1.747262691141158086e+01
1.111111111111111249e+01 2.112751798181200797e+02
1.121121121121121256e+01 6.346062558501181172e+01
1.131131131131131262e+01 3.031902205002034378e+01
1.141141141141141269e+01 1.005410390892952961e+02
1.151151151151151275e+01 7.952067712738269734e+01
1.161161161161161282e+01 1.264701769751640086e+02
1.171171171171171288e+01 3.405916914864349110e+00
1.181181181181181294e+01 9.622682637130043304e+01
1.191191191191191301e+01 4.577029156308080360e+01
1.201201201201201307e+01 -8.328583562773417270e+01
1.211211211211211314e+01 6.281259251402130417e+01
1.221221221221221320e+01 1.611822557409009278e+02
1.231231231231231327e+01 2.253250090230404794e+02
1.241241241241241333e+01 4.519784985758333562e+01
1.251251251251251340e+01 1.175306177569964206e+02
1.261261261261261346e+01 5.521112363743097262e+01
1.271271271271271353e+01 7.599374304885910192e+01
1.281281281281281359e+01 -3.941137768042130318e+01
1.291291291291291365e+01 2.310574602859105653e+02
1.301301301301301372e+01 1.034867723608313952e+02
1.311311311311311378e+01 -9.265403717513029846e+01
1.321321321321321385e+01 5.160783830530436234e+01
1.331331331331331391e+01 -4.286424855338250950e+01
1.341341341341341398e+01 1.705315654396947167e+01
1.351351351351351404e+01 1.815054586117477413e+02
1.361361361361361411e+01 8.169980383654122136e+01
1.371371371371371417e+01 1.527326688745365573e+02
1.381381381381381424e+01 2.259380875814811702e+02
1.391391391391391430e+01 1.091793392962041764e+01
1.401401401401401436e+01 1.961445266165662247e+02
1.411411411411411443e+01 1.186162707370294527e+02
1.421421421421421449e+01 6.398823047432176025e+01
1.431431431431431456e+01 -5.605939239780439465e+01
1.441441441441441462e+01 -1.288335712988978514e+02
1.451451451451451469e+01 2.179745487571742615e+02
1.461461461461461475e+01 1.785103304464391840e+02
1.471471471471471482e+01 3.021361694249326746e+01
1.481481481481481488e+01 -1.269968646212840042e+02
1.491491491491491495e+01 9.064804977277681530e+00
1.501501501501501679e+01 2.257264571942287148e+02
1.511511511511511685e+01 1.309141888811842591e+02
1.521521521521521692e+01 5.195481101935185109e+01
1.531531531531531698e+01 -1.187062750553454293e+02
1.541541541541541704e+01 2.164687887066376106e+02
1.551551551551551711e+01 1.606721567500480319e+02
1.561561561561561717e+01 -3.771131873564973347e+01
1.571571571571571724e+01 2.433811849594246723e+01
1.581581581581581730e+01 9.497576363864318694e+00
1.591591591591591737e+01 -4.799975076889288772e+01
1.601601601601601743e+01 1.174103767747279647e+02
1.611611611611611750e+01 5.622672859757552999e+01
1.621621621621621756e+01 9.602640007709362635e+01
1.631631631631631763e+01 -1.103780134856597499e+02
1.641641641641641769e+01 -7.766722841742426908e+01
1.651651651651651775e+01 2.432091667942896720e+02
1.661661661661661782e+01 5.144419308776115685e+01
1.671671671671671788e+01 -9.969924735973764029e+01
1.681681681681681795e+01 7.420457365592611154e+00
1.691691691691691801e+01 2.759282200965116161e+01
1.701701701701701808e+01 -5.470419093536990118e+01
1.711711711711711814e+01 1.340669589589678878e+02
1.721721721721721821e+01 1.047775258618216867e+02
1.731731731731731827e+01 6.567354840665895210e+01
1.741741741741741833e+01 1.016669879116009412e+02
1.751751751751751840e+01 9.606335973320213384e+01
1.761761761761761846e+01 -8.567870122795078203e+01
1.771771771771771853e+01 -1.071360608761995366e+02
1.781781781781781859e+01 6.282447670388582850e+01
1.791791791791791866e+01 -3.055819874211957909e+01
1.801801801801801872e+01 7.203875853757951120e+01
1.811811811811811879e+01 -1.038975238060235142e+02
1.821821821821821885e+01 7.609683069181622272e+01
1.831831831831831892e+01 7.902009111029080657e+01
1.841841841841841898e+01 2.947862051535025785e+01
1.851851851851851904e+01 -1.679024421949999635e+01
1.861861861861861911e+01 -4.331643142695592985e+01
1.871871871871871917e+01 1.496558924198115221e+02
1.881881881881881924e+01 1.520555739215288042e+02
1.891891891891891930e+01 9.870183095168037823e+00
1.901901901901901937e+01 1.006438962991611561e+02
1.911911911911911943e+01 5.079414618732710807e+01
1.921921921921921950e+01 3.725379824763128767e+01
1.931931931931931956e+01 4.410784413604982035e+01
1.941941941941941963e+01 -2.225026532141951634e+02
1.951951951951951969e+01 1.228142046333902329e+02
1.961961961961961975e+01 -2.882084673710429712e+01
1.971971971971971982e+01 1.984795494135177876e+02
1.981981981981981988e+01 7.974429269185030478e+01
1.991991991991991995e+01 -2.879291702701597444e+01
2.002002002002002001e+01 8.187741040475636112e+01
2.012012012012012008e+01 -6.660137175850486813e+00
2.022022022022022014e+01 5.180468787529056129e+01
2.032032032032032021e+01 3.538919977268476202e+01
2.042042042042042027e+01 1.744171436235567967e+02
2.052052052052052034e+01 2.887882801333233473e+01
2.062062062062062040e+01 5.758272014912009240e+00
2.072072072072072046e+01 1.424628266214882188e+01
2.082082082082082053e+01 1.231997487842352115e+02
2.092092092092092059e+01 3.598827936032611774e+01
2.102102102102102066e+01 7.818501330889222345e+01
2.112112112112112072e+01 8.465983113022444684e+01
2.122122122122122079e+01 8.640091766488700387e+01
2.132132132132132085e+01 2.534681699726770034e+02
2.142142142142142447e+01 4.953390191857805291e+01
2.152152152152152453e+01 -5.598076669518898996e+01
2.162162162162162460e+01 1.058556248331892391e+01
2.172172172172172466e+01 2.402104396971700595e+01
2.182182182182182473e+01 1.349599500547984405e+02
2.192192192192192479e+01 2.331386811235159229e+01
2.202202202202202486e+01 -1.613618094098666944e+01
2.212212212212212492e+01 -7.730403820444027474e+01
2.222222222222222499e+01 1.471712179378590974e+02
2.232232232232232505e+01 4.002462579398296327e+01
2.242242242242242511e+01 1.182884137574608019e+02
2.252252252252252518e+01 2.033006571526005928e+02
2.262262262262262524e+01 9.124338395789770573e+01
2.272272272272272531e+01 1.780595715411555489e+02
2.282282282282282537e+01 1.633475972393707707e+02
2.292292292292292544e+01 1.317785528834643287e+02
2.302302302302302550e+01 6.816345267103471883e+01
2.312312312312312557e+01 6.005663615910177811e+01
2.322322322322322563e+01 3.825207608724333852e+00
2.332332332332332570e+01 1.851313117256721341e+01
2.342342342342342576e+01 1.561450941185065631e+02
2.352352352352352582e+01 6.497934784460940705e+01
2.362362362362362589e+01 1.933552852902674886e+02
2.372372372372372595e+01 7.141368265390332226e+01
2.382382382382382602e+01 1.147336703651650112e+02
2.392392392392392608e+01 1.566033082884185319e+02
2.402402402402402615e+01 -1.413851686134427865e+01
2.412412412412412621e+01 -1.277809963104141957e+02
2.422422422422422628e+01 1.179388439407153726e+02
2.432432432432432634e+01 1.906362696298060939e+02
2.442442442442442641e+01 1.979613024080052810e+02
2.452452452452452647e+01 1.196074565565899661e+02
2.462462462462462653e+01 3.507586007834593289e+01
2.472472472472472660e+01 -3.678534981701801598e+01
2.482482482482482666e+01 1.129415418851255026e+01
2.492492492492492673e+01 1.841869415236240286e+02
2.502502502502502679e+01 1.512118350876772297e+02
2.512512512512512686e+01 -4.935735318346879552e+01
2.522522522522522692e+01 1.454833356708179792e+01
2.532532532532532699e+01 -7.757980848795698137e+01
2.542542542542542705e+01 1.496209762597009671e+02
2.552552552552552712e+01 2.284209088640342884e+02
2.562562562562562718e+01 9.343470553350411478e+01
2.572572572572572724e+01 7.401568099293341163e+01
2.582582582582582731e+01 -1.701144219997706841e+02
2.592592592592592737e+01 -9.547702818803578850e+00
2.602602602602602744e+01 2.753841270947781084e+00
2.612612612612612750e+01 3.892113518058563670e+01
2.622622622622622757e+01 2.393091981867163298e+01
2.632632632632632763e+01 -1.398103877400691317e+02
2.642642642642642770e+01 1.403150030434234452e+02
2.652652652652652776e+01 2.646095681523822805e+02
2.662662662662662783e+01 -1.093541481069928523e+01
2.672672672672672789e+01 -2.687668678359757735e+01
2.682682682682682795e+01 -1.968913040030128627e+02
2.692692692692692802e+01 -5.644763093656396080e+01
2.702702702702702808e+01 9.738856957198379405e+01
2.712712712712712815e+01 1.140581555415618880e+02
2.722722722722722821e+01 1.104809302125328543e+02
2.732732732732732828e+01 4.761543205395318523e+01
2.742742742742742834e+01 1.407219479071794694e+02
2.752752752752752841e+01 -9.592529922046924185e+01
2.762762762762762847e+01 -4.036148651518775665e+01
2.772772772772772854e+01 1.335606869633717224e+02
2.782782782782782860e+01 1.550397068316028992e+01
2.792792792792792866e+01 3.213095517041824110e+02
2.802802802802802873e+01 7.505086279318248899e+01
2.812812812812812879e+01 1.650110846955750787e+02
2.822822822822822886e+01 1.310030128504668596e+02
2.832832832832832892e+01 1.139124682145886425e+02
2.842842842842842899e+01 5.644705392565759894e+01
2.852852852852852905e+01 1.174513537059825410e+02
2.862862862862862912e+01 1.071157062749529416e+02
2.872872872872872918e+01 -2.796726669617648753e+01
2.882882882882882924e+01 3.138576720331144188e+01
2.892892892892892931e+01 8.609301616152188785e+01
2.902902902902902937e+01 -7.028254036479341949e+01
2.912912912912912944e+01 1.637453502982127418e+01
2.922922922922922950e+01 -6.246910043214533914e+01
2.932932932932932957e+01 -1.628493094098018901e+00
2.942942942942942963e+01 6.040261884417081717e+01
2.952952952952952970e+01 1.319904631867364628e+02
2.962962962962962976e+01 -2.971205422041597899e+01
2.972972972972972983e+01 3.091160745149054492e+02
2.982982982982982989e+01 -2.716616567820048544e+01
2.992992992992993351e+01 -1.797362606497175648e+02
3.003003003003003357e+01 1.899273986793199356e+02
3.013013013013013364e+01 8.564583314356454480e+01
3.023023023023023370e+01 1.639035489856038907e+01
3.033033033033033377e+01 2.546120066445456587e+01
3.043043043043043383e+01 6.720642189998159211e+00
3.053053053053053389e+01 1.073015219727130187e+01
3.063063063063063396e+01 1.316607507922072386e+02
3.073073073073073402e+01 5.482584232258714962e+01
3.083083083083083409e+01 6.386203657688307089e+01
3.093093093093093415e+01 5.162547994150613562e+01
3.103103103103103422e+01 2.615190001476822204e+02
3.113113113113113428e+01 1.639908949085475740e+02
3.123123123123123435e+01 -3.857879098822363062e+01
3.133133133133133441e+01 2.215442439521167728e+02
3.143143143143143448e+01 3.517948785904024334e+01
3.153153153153153454e+01 -1.681120616194729678e+01
3.163163163163163460e+01 3.930513910269866074e+00
3.173173173173173467e+01 8.506026967597051680e+00
3.183183183183183473e+01 2.178991032302475332e+02
3.193193193193193480e+01 7.691958592889476165e+01
3.203203203203203486e+01 2.919792091817107007e+02
3.213213213213213493e+01 1.098756179988334907e+02
3.223223223223223499e+01 1.983690795810593244e+01
3.233233233233233506e+01 1.202314863694773521e+02
3.243243243243243512e+01 4.477557940026650130e+01
3.253253253253253519e+01 2.178862413812222769e+02
3.263263263263263525e+01 -8.002656359077589343e+01
3.273273273273273531e+01 -1.365802211128225281e+02
3.283283283283283538e+01 2.003236566497565150e+02
3.293293293293293544e+01 1.990181835274560171e+02
3.303303303303303551e+01 9.024447762901985470e+00
3.313313313313313557e+01 1.546842003799856968e+01
3.323323323323323564e+01 2.201193884572398218e+01
3.333333333333333570e+01 6.280651262072537122e+01
3.343343343343343577e+01 -1.897521170548819214e+01
3.353353353353353583e+01 6.644741828985479515e+01
3.363363363363363590e+01 1.955742846597907487e+02
3.373373373373373596e+01 3.329391201731624506e+00
3.383383383383383602e+01 -3.495835040138928207e+00
3.393393393393393609e+01 8.029991380538066892e+01
3.403403403403403615e+01 1.150253082767933677e+02
3.413413413413413622e+01 1.415101404581934901e+02
3.423423423423423628e+01 1.727100472240812223e+01
3.433433433433433635e+01 3.017847377744409698e+01
3.443443443443443641e+01 7.951869408308658649e+01
3.453453453453453648e+01 3.836075115157893123e+01
3.463463463463463654e+01 6.860276982796614220e+01
3.473473473473473661e+01 -1.192211840928713684e+01
3.483483483483483667e+01 1.409137731080192850e+02
3.493493493493493673e+01 1.085910742835570204e+02
3.503503503503503680e+01 -7.965382277715406190e+01
3.513513513513513686e+01 1.528367733006288631e+01
3.523523523523523693e+01 1.419731158386451852e+02
3.533533533533533699e+01 7.302441556774230946e+01
3.543543543543543706e+01 1.032991340617956837e+02
3.553553553553553712e+01 1.791263939582835860e+02
3.563563563563563719e+01 1.728067470835593440e+02
3.573573573573573725e+01 1.384028020582423153e+02
3.583583583583583732e+01 7.406050086094191442e+01
3.593593593593593738e+01 7.299352268679417932e+01
3.603603603603603744e+01 1.936107960708487781e+02
3.613613613613613751e+01 1.050772826667846402e+02
3.623623623623623757e+01 1.927135047398063534e+02
3.633633633633633764e+01 1.487236524544672420e+02
3.643643643643643770e+01 -6.298511821090605167e+01
3.653653653653653777e+01 -2.855355108523913543e+01
3.663663663663663783e+01 1.403136188334364647e+02
3.673673673673673790e+01 -1.484776317886520758e+01
3.683683683683683796e+01 2.155673357569272639e+02
3.693693693693693803e+01 3.740983717756743232e+01
3.703703703703703809e+01 -7.458036120652138834e+01
3.713713713713713815e+01 5.646554464091605041e+01
3.723723723723723822e+01 1.930284890996636022e+02
3.733733733733733828e+01 1.579924614649938235e+02
3.743743743743743835e+01 2.254161703384955047e+02
3.753753753753753841e+01 1.164099485346849860e+02
3.763763763763763848e+01 1.891383308411453754e+02
3.773773773773773854e+01 5.781028795268588283e+01
3.783783783783783861e+01 1.031569565819877283e+02
3.793793793793793867e+01 1.922193877697206972e+02
3.803803803803803874e+01 6.279249170890498988e+01
3.813813813813813880e+01 -7.311788697681456028e+01
3.823823823823823886e+01 -1.656936170212475190e+01
3.833833833833833893e+01 1.082994968416945198e+02
3.843843843843843899e+01 9.220345703019390271e+00
3.853853853853853906e+01 8.158549807387915109e+01
3.863863863863863912e+01 1.732373727698612242e+02
3.873873873873873919e+01 6.353427217800815185e+01
3.883883883883883925e+01 1.737619534333350941e+02
3.893893893893893932e+01 1.789147423753539670e+02
3.903903903903903938e+01 4.590632089063887378e+01
3.913913913913913944e+01 5.086254781296140948e+01
3.923923923923923951e+01 2.123067572515891470e+02
3.933933933933933957e+01 1.804171443589054036e+01
3.943943943943943964e+01 3.350034472618018100e+01
3.953953953953953970e+01 2.057210112975388370e+02
3.963963963963963977e+01 2.550988375049669230e+02
3.973973973973973983e+01 1.293887004064275175e+02
3.983983983983983990e+01 6.526320187002255580e+01
3.993993993993993996e+01 1.518975343659795101e+02
4.004004004004004003e+01 3.443680147254747936e+01
4.014014014014014009e+01 2.159618430392196160e+02
4.024024024024024015e+01 -1.304100924182813515e+01
4.034034034034034022e+01 2.657016008438095014e+02
4.044044044044044028e+01 2.114175568880469314e+00
4.054054054054054035e+01 8.477375386439513250e+01
4.064064064064064041e+01 2.473076866964495935e+01
4.074074074074074048e+01 -3.070025022251242319e+01
4.084084084084084054e+01 1.131901186745348156e+02
4.094094094094094061e+01 1.200810241488394468e+02
4.104104104104104067e+01 2.289543855212504297e+01
4.114114114114114074e+01 2.666834528500888268e+02
4.124124124124124080e+01 8.532700551943919720e+01
4.134134134134134086e+01 3.522305281815486921e+01
4.144144144144144093e+01 1.940413489795609507e+02
4.154154154154154099e+01 1.578906045974815413e+02
4.164164164164164106e+01 -7.961036318476985230e+00
4.174174174174174112e+01 7.908587728456835464e+01
4.184184184184184119e+01 1.070285947618625357e+02
4.194194194194194125e+01 3.140800928973177975e+01
4.204204204204204132e+01 3.403076899012802414e-01
4.214214214214214138e+01 1.654896273618499833e+02
4.224224224224224145e+01 1.549761575167618730e+02
4.234234234234234151e+01 7.088091409758071393e+01
4.244244244244244157e+01 4.635064933768821049e+01
4.254254254254254164e+01 2.432848197497568208e+02
4.264264264264264170e+01 6.053519766212606612e+01
4.274274274274274887e+01 -3.383903437927898494e+01
4.284284284284284894e+01 1.106249707911818092e+02
4.294294294294294900e+01 8.377808136832460661e+01
4.304304304304304907e+01 1.349209095358888817e+02
4.314314314314314913e+01 2.478527028785316588e+01
4.324324324324324920e+01 -8.476475386572303705e+01
4.334334334334334926e+01 -6.787492414813038977e+01
4.344344344344344933e+01 1.084175483559114070e+02
4.354354354354354939e+01 -1.275990239050813386e+02
4.364364364364364945e+01 1.836968675632185182e+02
4.374374374374374952e+01 6.453655203504527549e+01
4.384384384384384958e+01 1.014568666991655164e+02
4.394394394394394965e+01 2.235879055199845311e+02
4.404404404404404971e+01 1.670594573822789926e+02
4.414414414414414978e+01 2.242201670069658803e+01
4.424424424424424984e+01 7.538135414126821843e+01
4.434434434434434991e+01 -7.295947098962565747e+01
4.444444444444444997e+01 3.778199479249014416e+02
4.454454454454455004e+01 -8.491901085672861882e+01
4.464464464464465010e+01 2.049728236175097322e+02
4.474474474474475016e+01 1.164388909690224096e+02
4.484484484484485023e+01 8.394209756271538936e+01
4.494494494494495029e+01 9.566842133008483984e+01
4.504504504504505036e+01 2.644728907150652617e+02
4.514514514514515042e+01 1.529831830395961276e+02
4.524524524524525049e+01 2.341332457508897846e+00
4.534534534534535055e+01 8.253404932380553305e+01
4.544544544544545062e+01 6.253312588163687025e+01
4.554554554554555068e+01 2.725020168873786020e+02
4.564564564564565075e+01 2.432022840193518789e+02
4.574574574574575081e+01 3.094546339389414413e+01
4.584584584584585087e+01 1.707524977560675552e+02
4.594594594594595094e+01 1.112600251372504374e+02
4.604604604604605100e+01 1.049736517993574836e+02
4.614614614614615107e+01 1.508304989212333851e+02
4.624624624624625113e+01 1.383413846504908236e+02
4.634634634634635120e+01 1.726040851930710289e+02
4.644644644644645126e+01 -9.591977557958500711e+00
4.654654654654655133e+01 1.992207385482245741e+02
4.664664664664665139e+01 2.737208576825012756e+02
4.674674674674675146e+01 -1.065038403616970442e+02
4.684684684684685152e+01 -9.016899027109118947e+01
4.694694694694695158e+01 1.887261627373973170e+02
4.704704704704705165e+01 2.035771793860444632e+02
4.714714714714715171e+01 -4.108662720406186963e+01
4.724724724724725178e+01 1.551135848838964364e+02
4.734734734734735184e+01 3.109940061326659020e+02
4.744744744744745191e+01 1.916093486702042696e+02
4.754754754754755197e+01 8.255655287959172028e+01
4.764764764764765204e+01 1.399963800901750233e+02
4.774774774774775210e+01 1.822228404515009572e+02
4.784784784784785217e+01 2.084412117978977221e+02
4.794794794794795223e+01 2.332852387816030841e+02
4.804804804804805229e+01 7.990511508350387260e+01
4.814814814814815236e+01 1.673727158536258628e+02
4.824824824824825242e+01 1.258534263547097396e+02
4.834834834834835249e+01 7.470368043710035977e+01
4.844844844844845255e+01 1.719332815427118533e+02
4.854854854854855262e+01 2.369881854779390267e+02
4.864864864864865268e+01 9.429689133031934034e+01
4.874874874874875275e+01 1.024433324016146969e+02
4.884884884884885281e+01 8.345824278728029810e+01
4.894894894894895288e+01 3.358297565692740250e+02
4.904904904904905294e+01 2.896207244235213807e+02
4.914914914914915300e+01 2.530553531392965283e+01
4.924924924924925307e+01 2.456975247862624201e+01
4.934934934934935313e+01 1.098943137403274193e+02
4.944944944944945320e+01 1.139661773598599268e+02
4.954954954954955326e+01 9.203792104766976934e+01
4.964964964964965333e+01 2.186640238632334388e+02
4.974974974974975339e+01 8.347376876185958849e+01
4.984984984984985346e+01 3.352668189062060833e+02
4.994994994994995352e+01 1.659278582985122910e+02
5.005005005005005358e+01 1.684684033377937737e+02
5.015015015015015365e+01 2.200231880509583959e+02
5.025025025025025371e+01 1.611202726793863746e+02
5.035035035035035378e+01 5.972612454087278877e+01
5.045045045045045384e+01 1.228540532060041812e+02
5.055055055055055391e+01 2.598131725514065238e+00
5.065065065065065397e+01 2.489995760505757119e+02
5.075075075075075404e+01 7.097332886719176770e+01
5.085085085085085410e+01 2.285487005782596839e+02
5.095095095095095417e+01 9.746917712958656921e+01
5.105105105105105423e+01 2.871303087675822781e+02
5.115115115115115429e+01 2.851959877911006629e+02
5.125125125125125436e+01 1.235291993691880350e+02
5.135135135135135442e+01 3.203785287354068601e+02
5.145145145145145449e+01 1.588797497625023425e+01
5.155155155155155455e+01 1.897189976614730824e+02
5.165165165165165462e+01 7.772324815678652499e+01
5.175175175175175468e+01 9.269247028614984174e+01
5.185185185185185475e+01 1.289881571583209734e+02
5.195195195195195481e+01 2.671482837308755052e+02
5.205205205205205488e+01 3.266714583573375421e+02
5.215215215215215494e+01 2.222759208201389356e+02
5.225225225225225500e+01 2.278951115829471803e+02
5.235235235235235507e+01 1.074938350442358086e+02
5.245245245245245513e+01 2.836147900312029151e+02
5.255255255255255520e+01 2.179950856456295583e+01
5.265265265265265526e+01 2.919496458850666158e+02
5.275275275275275533e+01 1.983441834100187009e+02
5.285285285285285539e+01 1.949853675363754348e+02
5.295295295295295546e+01 2.471710947886129190e+02
5.305305305305305552e+01 2.332853096690371899e+02
5.315315315315315559e+01 3.445611307149509344e+02
5.325325325325325565e+01 1.728926109814353538e+02
5.335335335335335571e+01 2.134449954192689347e+02
5.345345345345345578e+01 1.605345140357210596e+02
5.355355355355355584e+01 1.758435275957911585e+02
5.365365365365365591e+01 3.197869231239074566e+02
5.375375375375375597e+01 2.137408954203298208e+02
5.385385385385385604e+01 2.113159168432235617e+02
5.395395395395395610e+01 2.137126313089905523e+02
5.405405405405405617e+01 3.216535491073439061e+02
5.415415415415415623e+01 1.004059229404662119e+02
5.425425425425425630e+01 1.728557939647954811e+02
5.435435435435435636e+01 1.832926779356116356e+02
5.445445445445445642e+01 1.707520700452278390e+02
5.455455455455455649e+01 4.044966354841929501e+02
5.465465465465465655e+01 1.442872424843465637e+02
5.475475475475475662e+01 3.004383656061251031e+02
5.485485485485485668e+01 1.272008096278957225e+02
5.495495495495495675e+01 1.138096594095771508e+02
5.505505505505505681e+01 9.867003814723661037e+01
5.515515515515515688e+01 1.026391058654120485e+02
5.525525525525525694e+01 3.202869876836317644e+02
5.535535535535535701e+01 1.637960689561685399e+02
5.545545545545545707e+01 2.603141470547205927e+02
5.555555555555555713e+01 2.278339914667156165e+02
5.565565565565565720e+01 1.571002057865486563e+02
5.575575575575575726e+01 1.291731334326050273e+02
5.585585585585585733e+01 3.323493130866874026e+02
5.595595595595595739e+01 1.450630826994228073e+02
5.605605605605605746e+01 7.513050581467811639e+01
5.615615615615615752e+01 3.323103331341777675e+02
5.625625625625625759e+01 4.488570039747010014e+02
5.635635635635635765e+01 2.382039872732670460e+01
5.645645645645645772e+01 2.455826732759553863e+02
5.655655655655655778e+01 5.291119910323826616e+02
5.665665665665665784e+01 1.996061612508107430e+02
5.675675675675675791e+01 3.407029632957530225e+02
5.685685685685685797e+01 2.286146279002769575e+02
5.695695695695695804e+01 3.433966085366114953e+02
5.705705705705705810e+01 2.641840461298147602e+02
5.715715715715715817e+01 2.403546592379787796e+02
5.725725725725725823e+01 3.307427763474343010e+02
5.735735735735735830e+01 1.925198436360123537e+02
5.745745745745745836e+01 2.465373843317989042e+02
5.755755755755755843e+01 1.605083533444389445e+02
5.765765765765765849e+01 2.721398411268796167e+02
5.775775775775775855e+01 3.330457735620112771e+02
5.785785785785785862e+01 2.521239650588545942e+02
5.795795795795795868e+01 2.694769084163168600e+02
5.805805805805805875e+01 3.060325022035567599e+02
5.815815815815815881e+01 3.303064811531359624e+02
5.825825825825825888e+01 3.179020271557219530e+02
5.835835835835835894e+01 2.042665768757836702e+02
5.845845845845845901e+01 3.198689869506641230e+02
5.855855855855855907e+01 4.066744396564282056e+02
5.865865865865865914e+01 3.650900346787549324e+02
5.875875875875875920e+01 1.418317613401764277e+02
5.885885885885885926e+01 1.565364237616609273e+02
5.895895895895895933e+01 3.002018209157702699e+02
5.905905905905905939e+01 3.216245269577694330e+02
5.915915915915915946e+01 3.308547835937414447e+02
5.925925925925925952e+01 4.167828594042382520e+02
5.935935935935935959e+01 3.036936075105596160e+02
5.945945945945945965e+01 3.782594541670911212e+02
5.955955955955955972e+01 5.268803985235515484e+02
5.965965965965965978e+01 4.066540982950955936e+02
5.975975975975975985e+01 2.831337453798134334e+02
5.985985985985986702e+01 3.830352272869956209e+02
5.995995995995996708e+01 3.330643147489303146e+02
6.006006006006006714e+01 5.387483517805906104e+02
6.016016016016016721e+01 2.440730999363287879e+02
6.026026026026026727e+01 4.333451587558503206e+02
6.036036036036036734e+01 3.915959451965761673e+02
6.046046046046046740e+01 1.218799665960370362e+02
6.056056056056056747e+01 2.448415862698953163e+02
6.066066066066066753e+01 3.032190836169970680e+02
6.076076076076076760e+01 2.543324571638977147e+02
6.086086086086086766e+01 3.835065813861937158e+02
6.096096096096096772e+01 3.991876751496933480e+02
6.106106106106106779e+01 3.279971840707115689e+02
6.116116116116116785e+01 4.761421346319182248e+02
6.126126126126126792e+01 4.373118365756254207e+02
6.136136136136136798e+01 5.119348303187309739e+02
6.146146146146146805e+01 4.116056855041503582e+02
6.156156156156156811e+01 4.799264718940430043e+02
6.166166166166166818e+01 4.388328031978174977e+02
6.176176176176176824e+01 4.826610556207444347e+02
6.186186186186186831e+01 3.864631586610041154e+02
6.196196196196196837e+01 3.557972734996377540e+02
6.206206206206206843e+01 3.051230997863353878e+02
6.216216216216216850e+01 3.277809606095397612e+02
6.226226226226226856e+01 3.994227913760805677e+02
6.236236236236236863e+01 4.462506018184338927e+02
6.246246246246246869e+01 3.771227222904537939e+02
6.256256256256256876e+01 5.324342269449991818e+02
6.266266266266266882e+01 5.396273791789903953e+02
6.276276276276276889e+01 3.419260313687226471e+02
6.286286286286286895e+01 4.852679836222142171e+02
6.296296296296296902e+01 3.398577095195126958e+02
6.306306306306306908e+01 4.827034558349050712e+02
6.316316316316316914e+01 5.459347705371408210e+02
6.326326326326326921e+01 4.383313303002265684e+02
6.336336336336336927e+01 4.115338589107531675e+02
6.346346346346346934e+01 4.705669493925864799e+02
6.356356356356356940e+01 6.056470500432133122e+02
6.366366366366366947e+01 3.622789175953573704e+02
6.376376376376376953e+01 5.102361136999856512e+02
6.386386386386386960e+01 6.251868994202829981e+02
6.396396396396396966e+01 3.269335958935357667e+02
6.406406406406406973e+01 4.882873203183133342e+02
6.416416416416416268e+01 5.816324729113762260e+02
6.426426426426426985e+01 4.214888880663901318e+02
6.436436436436436281e+01 5.556601353690135738e+02
6.446446446446446998e+01 5.794553116827447639e+02
6.456456456456456294e+01 5.560314829450771867e+02
6.466466466466467011e+01 4.873785774962727260e+02
6.476476476476476307e+01 3.918106706578964236e+02
6.486486486486487024e+01 5.883924905566797179e+02
6.496496496496496320e+01 6.950024510854082109e+02
6.506506506506507037e+01 5.590081372261898878e+02
6.516516516516516333e+01 5.483735008643265019e+02
6.526526526526527050e+01 5.055215419045835574e+02
6.536536536536536346e+01 5.505822021302736857e+02
6.546546546546547063e+01 4.685455354478903018e+02
6.556556556556556359e+01 3.999299503358960237e+02
6.566566566566567076e+01 4.678314888353515926e+02
6.576576576576576372e+01 4.947235778660994470e+02
6.586586586586587089e+01 5.787875953320559574e+02
6.596596596596596385e+01 7.634266790319851452e+02
6.606606606606607102e+01 5.985017942001194342e+02
6.616616616616616398e+01 6.134752338290270472e+02
6.626626626626627115e+01 7.022418102728797749e+02
6.636636636636636410e+01 7.221268024428230774e+02
6.646646646646647127e+01 5.414320322842818314e+02
6.656656656656656423e+01 6.350057790962316631e+02
6.666666666666667140e+01 7.759292803013418052e+02
6.676676676676676436e+01 5.987970332324531455e+02
6.686686686686687153e+01 6.142397793188555397e+02
6.696696696696696449e+01 7.645675755805174276e+02
6.706706706706707166e+01 6.579281246855683776e+02
6.716716716716716462e+01 5.876813211734219067e+02
6.726726726726727179e+01 7.109181363469446069e+02
6.736736736736736475e+01 6.567747815222591043e+02
6.746746746746747192e+01 6.798167748419327836e+02
6.756756756756756488e+01 5.916236128781414436e+02
6.766766766766767205e+01 6.488895493534620300e+02
6.776776776776776501e+01 6.909417471102028685e+02
6.786786786786787218e+01 7.885339083594172962e+02
6.796796796796796514e+01 6.407886514072454247e+02
6.806806806806807231e+01 7.019159496224411896e+02
6.816816816816816527e+01 6.677933450990946085e+02
6.826826826826827244e+01 6.186680683821304001e+02
6.836836836836837961e+01 5.389244465743129240e+02
6.846846846846847257e+01 7.913744444057126657e+02
6.856856856856857974e+01 7.239307579215063697e+02
6.866866866866867269e+01 8.042620377377586465e+02
6.876876876876877986e+01 8.410616574189990615e+02
6.886886886886887282e+01 7.404018010964081213e+02
6.896896896896897999e+01 8.486362116506874145e+02
6.906906906906907295e+01 9.408541540551048001e+02
6.916916916916918012e+01 8.117229624756198518e+02
6.926926926926927308e+01 6.602182969018575704e+02
6.936936936936938025e+01 8.337027628156114361e+02
6.946946946946947321e+01 6.231711335056136249e+02
6.956956956956958038e+01 6.844823271715069950e+02
6.966966966966967334e+01 7.566763277549487157e+02
6.976976976976978051e+01 9.663697164479732464e+02
6.986986986986987347e+01 9.567169232764130129e+02
6.996996996996998064e+01 7.560014312593688146e+02
7.007007007007007360e+01 8.596239934017545465e+02
7.017017017017018077e+01 7.375937490497175304e+02
7.027027027027027373e+01 7.198302958013687203e+02
7.037037037037038090e+01 6.841743153295587945e+02
7.047047047047047386e+01 8.982387464872053897e+02
7.057057057057058103e+01 7.097206500919724022e+02
7.067067067067067399e+01 9.539501322594751400e+02
7.077077077077078116e+01 8.719445722900093187e+02
7.087087087087087411e+01 9.035622705064349702e+02
7.097097097097098128e+01 1.041273183152736237e+03
7.107107107107107424e+01 8.505945004466343562e+02
7.117117117117118141e+01 7.972984072313404340e+02
7.127127127127127437e+01 9.277374067760194976e+02
7.137137137137138154e+01 8.743167131636164413e+02
7.147147147147147450e+01 9.325017647916738497e+02
7.157157157157158167e+01 1.070707849752226821e+03
7.167167167167167463e+01 1.164168360163845364e+03
7.177177177177178180e+01 9.174926696002730750e+02
7.187187187187187476e+01 1.015575147741074602e+03
7.197197197197198193e+01 6.421244631648071390e+02
7.207207207207207489e+01 9.876845978792913456e+02
7.217217217217218206e+01 1.083457301258946472e+03
7.227227227227227502e+01 9.549645208491327821e+02
7.237237237237238219e+01 1.056108763323576568e+03
7.247247247247247515e+01 9.703913591371681377e+02
7.257257257257258232e+01 1.011363872923663280e+03
7.267267267267267528e+01 9.766860300891898987e+02
7.277277277277278245e+01 1.072422048155475068e+03
7.287287287287287540e+01 1.102461600768352810e+03
7.297297297297298257e+01 1.145575300609289570e+03
7.307307307307307553e+01 1.072139932466931214e+03
7.317317317317318270e+01 8.697655320967419357e+02
7.327327327327327566e+01 1.231284262920061792e+03
7.337337337337338283e+01 1.186817464154276422e+03
7.347347347347347579e+01 1.162166461117985136e+03
7.357357357357358296e+01 1.225016231788331424e+03
7.367367367367367592e+01 1.195905053590755415e+03
7.377377377377378309e+01 1.110958909276069107e+03
7.387387387387387605e+01 1.286435235746064791e+03
7.397397397397398322e+01 1.093838843789710836e+03
7.407407407407407618e+01 1.230981989096183725e+03
7.417417417417418335e+01 9.958605089780090793e+02
7.427427427427427631e+01 1.033385543612590936e+03
7.437437437437438348e+01 1.189119329927707440e+03
7.447447447447447644e+01 1.180713610642332696e+03
7.457457457457458361e+01 1.152432429157697243e+03
7.467467467467467657e+01 1.355196231098140288e+03
7.477477477477478374e+01 1.264370964424075964e+03
7.487487487487487670e+01 1.125624923334800997e+03
7.497497497497498387e+01 1.050054075413551118e+03
7.507507507507507682e+01 1.607340898251139606e+03
7.517517517517518399e+01 1.313053440645821638e+03
7.527527527527527695e+01 1.232464303534805595e+03
7.537537537537538412e+01 1.305487550039533744e+03
7.547547547547547708e+01 1.345133404441776065e+03
7.557557557557558425e+01 1.218259687637086699e+03
7.567567567567567721e+01 1.454104508997818812e+03
7.577577577577578438e+01 1.382024305304812060e+03
7.587587587587587734e+01 1.403450800055118179e+03
7.597597597597598451e+01 1.612553840134293296e+03
7.607607607607607747e+01 1.635902728784554938e+03
7.617617617617618464e+01 1.396841712201885912e+03
7.627627627627627760e+01 1.480398791783170282e+03
7.637637637637638477e+01 1.536631691753256973e+03
7.647647647647647773e+01 1.617493188816158863e+03
7.657657657657658490e+01 1.254131432933305405e+03
7.667667667667667786e+01 1.645191324982271453e+03
7.677677677677678503e+01 1.519180212486064875e+03
7.687687687687687799e+01 1.496651865948732620e+03
7.697697697697698516e+01 1.460955429622659722e+03
7.707707707707707812e+01 1.697412993638492480e+03
7.717717717717718529e+01 1.618023529327056622e+03
7.727727727727727824e+01 1.743151199517171563e+03
7.737737737737738541e+01 1.726888597147333257e+03
7.747747747747747837e+01 1.639494462250322613e+03
7.757757757757758554e+01 1.727875813883527826e+03
7.767767767767767850e+01 1.908359079211266817e+03
7.777777777777778567e+01 1.847205319318483816e+03
7.787787787787787863e+01 1.575283788148548410e+03
7.797797797797798580e+01 1.682233864268004254e+03
7.807807807807807876e+01 1.808069734633780627e+03
7.817817817817818593e+01 1.720128427439283314e+03
7.827827827827827889e+01 1.856081009243458993e+03
7.837837837837838606e+01 1.874969349685723273e+03
7.847847847847847902e+01 1.818428927114462113e+03
7.857857857857858619e+01 2.082387343656177563e+03
7.867867867867867915e+01 1.908028593682454130e+03
7.877877877877878632e+01 1.974200777584026582e+03
7.887887887887887928e+01 1.987390235792276826e+03
7.897897897897898645e+01 1.843369218851371897e+03
7.907907907907907941e+01 1.989029685487599181e+03
7.917917917917918658e+01 1.878972179070933862e+03
7.927927927927927954e+01 1.907160097771526353e+03
7.937937937937938671e+01 1.809151412067472847e+03
7.947947947947947966e+01 2.064568504706006934e+03
7.957957957957958683e+01 2.028785431261099802e+03
7.967967967967967979e+01 2.104431680029679228e+03
7.977977977977978696e+01 2.358173083572385167e+03
7.987987987987987992e+01 2.252321454540362083e+03
7.997997997997998709e+01 1.985288509084854468e+03
8.008008008008008005e+01 2.195045953822495449e+03
8.018018018018018722e+01 2.146602260566430232e+03
8.028028028028028018e+01 2.272692651429412308e+03
8.038038038038038735e+01 2.333662394953063540e+03
8.048048048048048031e+01 2.250539895458597130e+03
8.058058058058058748e+01 2.361456570488082889e+03
8.068068068068068044e+01 2.167446067521119403e+03
8.078078078078078761e+01 2.271036025067537139e+03
8.088088088088088057e+01 2.424990144584719019e+03
8.098098098098098774e+01 2.187518255089764807e+03
8.108108108108108070e+01 2.494191894140605655e+03
8.118118118118118787e+01 2.212779476442308805e+03
8.128128128128128083e+01 2.366129968747824478e+03
8.138138138138138800e+01 2.466980102706537309e+03
8.148148148148148096e+01 2.462431734921744464e+03
8.158158158158158813e+01 2.459058860813321189e+03
8.168168168168168108e+01 2.458485856896993027e+03
8.178178178178178825e+01 2.620917291489489799e+03
8.188188188188188121e+01 2.589064517981104927e+03
8.198198198198198838e+01 2.436878961266858823e+03
8.208208208208208134e+01 2.400644468906872135e+03
8.218218218218218851e+01 2.667089871957641208e+03
8.228228228228228147e+01 2.797536401450856374e+03
8.238238238238238864e+01 2.862838373894573579e+03
8.248248248248248160e+01 2.862425513946894625e+03
8.258258258258258877e+01 2.729782552802005739e+03
8.268268268268268173e+01 2.738439632271979008e+03
8.278278278278278890e+01 2.929102748320705814e+03
8.288288288288288186e+01 2.724052809267859629e+03
8.298298298298298903e+01 2.777010763885500182e+03
8.308308308308308199e+01 2.840957382279807462e+03
8.318318318318318916e+01 2.721459242886959601e+03
8.328328328328328212e+01 2.905150181322697335e+03
8.338338338338338929e+01 2.976866566588431851e+03
8.348348348348348225e+01 2.961708177729332874e+03
8.358358358358358942e+01 2.965596559313011312e+03
8.368368368368368237e+01 3.148869412540774647e+03
8.378378378378378954e+01 3.048689558707891592e+03
8.388388388388388250e+01 3.316842217574466758e+03
8.398398398398398967e+01 3.278573974741500933e+03
8.408408408408408263e+01 3.202755678634547166e+03
8.418418418418418980e+01 3.100374737095840374e+03
8.428428428428428276e+01 3.256670254815673616e+03
8.438438438438438993e+01 3.253662586889856811e+03
8.448448448448448289e+01 3.112985529834874797e+03
8.458458458458459006e+01 3.349359222073660931e+03
8.468468468468468302e+01 3.376464327756807961e+03
8.478478478478479019e+01 3.484915570614271928e+03
8.488488488488488315e+01 3.483130489505329024e+03
8.498498498498499032e+01 3.400866121885434495e+03
8.508508508508508328e+01 3.622928438802750861e+03
8.518518518518519045e+01 3.598577362740385524e+03
8.528528528528528341e+01 3.532862659900608378e+03
8.538538538538539058e+01 3.541805813553811277e+03
8.548548548548549775e+01 3.615726367523824138e+03
8.558558558558559071e+01 3.753119359767716105e+03
8.568568568568569788e+01 3.742798026086741174e+03
8.578578578578579084e+01 3.901727966872440447e+03
8.588588588588589801e+01 3.857496532192243649e+03
8.598598598598599096e+01 3.779431808602393630e+03
8.608608608608609813e+01 3.816323850851261341e+03
8.618618618618619109e+01 3.805025175025066801e+03
8.628628628628629826e+01 4.094056154759537094e+03
8.638638638638639122e+01 4.006785701242250070e+03
8.648648648648649839e+01 4.083915215234469542e+03
8.658658658658659135e+01 4.084959578630526721e+03
8.668668668668669852e+01 4.281387050425718371e+03
8.678678678678679148e+01 4.054446301396714262e+03
8.688688688688689865e+01 4.300291551726385478e+03
8.698698698698699161e+01 4.310713497391431702e+03
8.708708708708709878e+01 4.202331071461034298e+03
8.718718718718719174e+01 4.190082791252671996e+03
8.728728728728729891e+01 4.335826272982533737e+03
8.738738738738739187e+01 4.481924909392124391e+03
8.748748748748749904e+01 4.454292953102201864e+03
8.758758758758759200e+01 4.418238415830935992e+03
8.768768768768769917e+01 4.562877693963603633e+03
8.778778778778779213e+01 4.690636507525148772e+03
8.788788788788789930e+01 4.556198896861505091e+03
8.798798798798799226e+01 4.767273043041914207e+03
8.808808808808809943e+01 4.930085985118786084e+03
8.818818818818819238e+01 4.800917537106166492e+03
8.828828828828829955e+01 4.925677776633656322e+03
8.838838838838839251e+01 4.818921854869005074e+03
8.848848848848849968e+01 5.000875707832313310e+03
8.858858858858859264e+01 5.087775478836713773e+03
8.868868868868869981e+01 5.139775909638213307e+03
8.878878878878879277e+01 4.880768876552577240e+03
8.888888888888889994e+01 5.215174119230023280e+03
8.898898898898899290e+01 5.133485211698052808e+03
8.908908908908910007e+01 5.450592716406346881e+03
8.918918918918919303e+01 5.403409410494442454e+03
8.928928928928930020e+01 5.443314771400464451e+03
8.938938938938939316e+01 5.504334030880167120e+03
8.948948948948950033e+01 5.538901074069534843e+03
8.958958958958959329e+01 5.401807309918360261e+03
8.968968968968970046e+01 5.787869381178112235e+03
8.978978978978979342e+01 5.616748555193351422e+03
8.988988988988990059e+01 5.591720592810235757e+03
8.998998998998999355e+01 5.644710505855096926e+03
9.009009009009010072e+01 5.623469837649367946e+03
9.019019019019019368e+01 5.818075364484891907e+03
9.029029029029030085e+01 5.890196389437844118e+03
9.039039039039039380e+01 5.929557542769790416e+03
9.049049049049050097e+01 6.152602659914447031e+03
9.059059059059059393e+01 6.169147608039878833e+03
9.069069069069070110e+01 6.040733300551373759e+03
9.079079079079079406e+01 6.121336354379603108e+03
9.089089089089090123e+01 6.363953261601950544e+03
9.099099099099099419e+01 6.244276523199233452e+03
9.109109109109110136e+01 6.425070753415176114e+03
9.119119119119119432e+01 6.519141441693082015e+03
9.129129129129130149e+01 6.597919862716546049e+03
9.139139139139139445e+01 6.455848171113831086e+03
9.149149149149150162e+01 6.750016158359348992e+03
9.159159159159159458e+01 6.700671526989674021e+03
9.169169169169170175e+01 6.765245515838237225e+03
9.179179179179179471e+01 6.769460544845497679e+03
9.189189189189190188e+01 6.846521364676222220e+03
9.199199199199199484e+01 6.771340784388065003e+03
9.209209209209210201e+01 6.971629955401570442e+03
9.219219219219219497e+01 7.114394554749677809e+03
9.229229229229230214e+01 7.258704489423525047e+03
9.239239239239239510e+01 7.173923148054565900e+03
9.249249249249250227e+01 7.333040088112027661e+03
9.259259259259259522e+01 7.335643283727114977e+03
9.269269269269270239e+01 7.484152329587422173e+03
9.279279279279279535e+01 7.522226831080571174e+03
9.289289289289290252e+01 7.651423133055792277e+03
9.299299299299299548e+01 7.671416013568322342e+03
9.309309309309310265e+01 7.574704636592532552e+03
9.319319319319319561e+01 7.846017648355972597e+03
9.329329329329330278e+01 8.024023698136563326e+03
9.339339339339339574e+01 7.985592223667215876e+03
9.349349349349350291e+01 8.126592229136487731e+03
9.359359359359359587e+01 8.016128972480439188e+03
9.369369369369370304e+01 8.294918857320522875e+03
9.379379379379379600e+01 8.348431894837240179e+03
9.389389389389390317e+01 8.365583367066697974e+03
9.399399399399399613e+01 8.439644986659059214e+03
9.409409409409410330e+01 8.757237136999026916e+03
9.419419419419419626e+01 8.601381464674008384e+03
9.429429429429430343e+01 8.788980222100757601e+03
9.439439439439439639e+01 8.736582190535129484e+03
9.449449449449450356e+01 8.840938660645679192e+03
9.459459459459459651e+01 9.140385548256983384e+03
9.469469469469470368e+01 9.149824436941713429e+03
9.479479479479479664e+01 9.205000388243744965e+03
9.489489489489490381e+01 9.298957808999610279e+03
9.499499499499499677e+01 9.511874876198411584e+03
9.509509509509510394e+01 9.254108014824854763e+03
9.519519519519519690e+01 9.615841287186012778e+03
9.529529529529530407e+01 9.768113775642274049e+03
9.539539539539539703e+01 9.637420895895369540e+03
9.549549549549550420e+01 9.874497572090022004e+03
9.559559559559559716e+01 1.001546541441113004e+04
9.569569569569570433e+01 1.018175876476842313e+04
9.579579579579579729e+01 1.013614276956581671e+04
9.589589589589590446e+01 1.022195248355258263e+04
9.599599599599599742e+01 1.020273962543609377e+04
9.609609609609610459e+01 1.058558548835882357e+04
9.619619619619619755e+01 1.067108407682190773e+04
9.629629629629630472e+01 1.072935974835661727e+04
9.639639639639639768e+01 1.074290000939434321e+04
9.649649649649650485e+01 1.096477944235632458e+04
9.659659659659659781e+01 1.112444028656061710e+04
9.669669669669670498e+01 1.117612853541896948e+04
9.679679679679679793e+01 1.108036205106091620e+04
9.689689689689690510e+01 1.126393406905659322e+04
9.699699699699699806e+01 1.146124021308289230e+04
9.709709709709710523e+01 1.158383358894865341e+04
9.719719719719719819e+01 1.157518584327933604e+04
9.729729729729730536e+01 1.196515370460524900e+04
9.739739739739739832e+01 1.202386432401464481e+04
9.749749749749750549e+01 1.214745160066430253e+04
9.759759759759759845e+01 1.217585117706879282e+04
9.769769769769770562e+01 1.225300375936937417e+04
9.779779779779779858e+01 1.243008595450225948e+04
9.789789789789790575e+01 1.261081992465344047e+04
9.799799799799799871e+01 1.274315583919383789e+04
9.809809809809810588e+01 1.279244285752767610e+04
9.819819819819819884e+01 1.270033856391108202e+04
9.829829829829830601e+01 1.294448448355006622e+04
9.839839839839839897e+01 1.329962210732005951e+04
9.849849849849850614e+01 1.333210519832574755e+04
9.859859859859859910e+01 1.342899986835565687e+04
9.869869869869870627e+01 1.350326626451274933e+04
9.879879879879879923e+01 1.377640831868047098e+04
9.889889889889890640e+01 1.387774516081046932e+04
9.899899899899899935e+01 1.388150367773525977e+04
9.909909909909910652e+01 1.416901211830300053e+04
9.919919919919919948e+01 1.423380523614469530e+04
9.929929929929930665e+01 1.452724054695372615e+04
9.939939939939939961e+01 1.456156035022605283e+04
9.949949949949950678e+01 1.483301941820337925e+04
9.959959959959959974e+01 1.479784076821519920e+04
9.969969969969970691e+01 1.495315344082956653e+04
9.979979979979979987e+01 1.507847154782674443e+04
9.989989989989990704e+01 1.526556903151243023e+04
1.000000000000000000e+02 1.549508223446455486e+04
